507
507
507
507
507
507
507
507
507
507
507
507
507
507
507
507
507
507
507
507
507
507
507
507
507
507
507
507
507
507
507
507
507
507
507
507
507
507
507
507
607
607
607
607
607
607
607
607
607
607
607
607
607
607
607
607
607
607
607
607
607
607
607
607
607
607
607
607
607
607
607
607
607
607
607
607
607
607
607
607
707
707
707
707
707
707
707
707
707
707
707
707
707
707
707
707
707
707
707
707
707
707
707
707
707
707
707
707
707
707
707
707
707
707
707
707
707
707
707
707
807
807
807
807
807
807
807
807
807
807
807
807
807
807
807
807
807
807
807
807
807
807
807
807
807
807
807
807
807
807
807
807
807
807
807
807
807
807
807
807
907
907
907
907
907
907
907
907
907
907
907
907
907
907
907
907
907
907
907
907
907
907
907
907
907
907
907
907
907
907
907
907
907
907
907
907
907
907
907
907
1007
1007
1007
1007
1007
1007
1007
1007
1007
1007
1007
1007
1007
1007
1007
1007
1007
1007
1007
1007
1007
1007
1007
1007
1007
1007
1007
1007
1007
1007
1007
1007
1007
1007
1007
1007
1007
1007
1007
1007
1107
1107
1107
1107
1107
1107
1107
1107
1107
1107
1107
1107
1107
1107
1107
1107
1107
1107
1107
1107
1107
1107
1107
1107
1107
1107
1107
1107
1107
1107
1107
1107
1107
1107
1107
1107
1107
1107
1107
1107
1207
1207
1207
1207
1207
1207
1207
1207
1207
1207
1207
1207
1207
1207
1207
1207
1207
1207
1207
1207
1207
1207
1207
1207
1207
1207
1207
1207
1207
1207
1207
1207
1207
1207
1207
1207
1207
1207
1207
1207
1307
1307
1307
1307
1307
1307
1307
1307
1307
1307
1307
1307
1307
1307
1307
1307
1307
1307
1307
1307
1307
1307
1307
1307
1307
1307
1307
1307
1307
1307
1307
1307
1307
1307
1307
1307
1307
1307
1307
1307
1407
1407
1407
1407
1407
1407
1407
1407
1407
1407
1407
1407
1407
1407
1407
1407
1407
1407
1407
1407
1407
1407
1407
1407
1407
1407
1407
1407
1407
1407
1407
1407
1407
1407
1407
1407
1407
1407
1407
1407
