70 50 90 85 70
90 98 100 77 79 
90 85 70 90 98 
77 79 90 85 50
85 70 90 24 46 
53 85 42 44 36
70 90 24 46 85
90 98 100 44 36
53 85 42 44 90
100 77 79 77 91
42 44 90 90 98 
53 85 42 44 45
87 77 55 26 39
14 39 92 40 75 
20 30 69 80 90
45 56 67 78 89
55 66 77 77 88
66 55 77 67 56
45 56 66 44 78
 78 89 90 99 88
56 67 78 77 60
90 91 91 99 89
45 56 66 66 78
67 78 77 65 40
45 56 65 66 89
89 98 78 77 88
45 56 78 77 77 
45 56 55 44 34
44 23 34 45 68
56 67 77 77 67
67 78 87 78 67
46 56 45 34 56
56 55 44 33 45
23 45 45 45 54
54 43 66 54 56
45 56 67 65 43
45 78 78 78 78
89 89 98 99 100
100 90 99 98 97
45 56 67 76 56
34 45 56 54 34
67 76 67 56 65
45 67 67 76 66
90 78 89 81 82
90 78 89 81 67
89 91 92 82 88
91 92 93 94 94
71 71 71 93 94
67 76 66 77 78
56 66 66 56 55
56 67 67 67 67
78 81 82 83 71
45 56 67 83 71
45 56 67 83 81
33 45 34 45 34
34 45 43 08 45
34 45 65 77 88
67 78 65 66 77
78 67 56 56 67
67 67 56 56 54
67 67 56 45 57
78 78 98 100 67
78 67 44 56 68
78 83 56 78 78 
67 78 82 67 78
89 78 67 68 56
78 78 67 56 67
56 67 78 96 67
45 46 67 56 67
46 51 68 57 70
47 56 69 58 73
48 61 70 59 76
49 66 71 60 79
50 71 72 61 82
51 76 73 62 85
52 81 74 63 88
53 86 75 64 91
54 91 76 65 94
55 96 77 66 97
56 67 69 71 56
59 69 72 73 59
62 71 75 75 62
65 73 78 77 65
68 75 81 79 68
71 77 84 81 71
74 79 87 83 74
77 81 90 85 77
80 83 93 87 80
83 85 96 89 83
86 87 99 91 86
45 56 66 36 41
47 58 68 38 44
49 60 70 40 47
51 62 72 42 50
53 64 74 44 53
55 66 76 46 56
57 68 78 48 59
59 70 80 50 62
61 72 82 52 65
63 74 84 54 68
65 76 86 56 71
67 78 88 58 74
69 80 90 60 77
71 82 92 62 80
73 84 94 64 83
75 86 96 66 86
77 88 98 68 89
79 90 100 70 92
49 56 65 47 56
51 59 67 48 57
53 62 69 49 58
55 65 71 50 59
57 68 73 51 60
59 71 75 52 61
61 74 77 53 62
63 77 79 54 63
65 80 81 55 64
67 83 83 56 65
69 86 85 57 66
71 89 87 58 67
73 92 89 59 68
75 95 91 60 69
77 98 93 61 70
36 39 43 45 48
37 40 44 46 49
38 41 45 47 50
39 42 46 48 51
40 43 47 49 52
41 44 48 50 53
42 45 49 51 54
43 46 50 52 55
44 47 51 53 56
45 48 52 54 57
46 49 53 55 58
47 50 54 56 59
48 51 55 57 60
49 52 56 58 61
50 53 57 59 62
51 54 58 60 63
52 55 59 61 64
53 56 60 62 65
54 57 61 63 66
55 58 62 64 67
56 59 63 65 68
57 60 64 66 69
58 61 65 67 70
59 62 66 68 71
60 63 67 69 72
61 64 68 70 73
62 65 69 71 74
63 66 70 72 75
64 67 71 73 76
65 68 72 74 77
66 69 73 75 78
67 70 74 76 79
68 71 75 77 80
69 72 76 78 81
70 73 77 79 82
71 74 78 80 83
72 75 79 81 84
73 76 80 82 85
74 77 81 83 86
75 78 82 84 87
76 79 83 85 88
77 80 84 86 89
78 81 85 87 90
79 82 86 88 91
80 83 87 89 92
81 84 88 90 93
82 85 89 91 94
83 86 90 92 95
84 87 91 93 96
85 88 92 94 97
92 93 94 56 45
91 92 93 67 57
91 92 93 68 58
91 92 93 69 59
91 92 93 70 60
91 92 93 71 61
91 92 93 72 62
91 92 93 73 63
91 92 93 74 64
91 92 93 75 65
91 92 93 76 66
91 92 93 77 67
91 92 93 78 68
91 92 93 79 69
91 92 93 80 70
91 92 93 81 71
91 92 93 82 72
91 92 93 83 73
91 92 93 84 74
91 92 93 85 75
34 56 55 67 45
38 57 57 68 47
42 58 59 69 49
46 59 61 70 51
50 60 63 71 53
54 61 65 72 55
58 62 67 73 57
62 63 69 74 59
66 64 71 75 61
70 65 73 76 63
74 66 75 77 65
78 67 77 78 67
82 68 79 79 69
86 69 81 80 71
90 70 83 81 73
94 71 85 82 75
98 72 87 83 77
45 59 55 67 33
47 60 57 68 35
49 61 59 69 37
51 62 61 70 39
53 63 63 71 41
55 64 65 72 43
57 65 67 73 45
59 66 69 74 47
61 67 71 75 49
63 68 73 76 51
65 69 75 77 53
67 70 77 78 55
69 71 79 79 57
71 72 81 80 59
73 73 83 81 61
75 74 85 82 63
77 75 87 83 65
79 76 89 84 67
81 77 91 85 69
83 78 93 86 71
85 79 95 87 73
87 80 97 88 75
89 81 99 89 77
56 41 51 54 55
57 42 52 55 56
58 43 53 56 57
59 44 54 57 58
60 45 55 58 59
61 46 56 59 60
62 47 57 60 61
63 48 58 61 62
64 49 59 62 63
65 50 60 63 64
66 51 61 64 65
67 52 62 65 66
68 53 63 66 67
69 54 64 67 68
70 55 65 68 69
71 56 66 69 70
72 57 67 70 71
73 58 68 71 72
74 59 69 72 73
75 60 70 73 74
76 61 71 74 75
77 62 72 75 76
78 63 73 76 77
79 64 74 77 78
80 65 75 78 79
81 66 76 79 80
82 67 77 80 81
83 68 78 81 82
84 69 79 82 83
85 70 80 83 84
86 71 81 84 85
87 72 82 85 86
88 73 83 86 87
89 74 84 87 88
90 75 85 88 89
91 76 86 89 90
92 77 87 90 91
93 78 88 91 92
94 79 89 92 93
95 80 90 93 94
96 81 91 94 95
97 82 92 95 96
98 83 93 96 97
99 84 94 97 98
100 85 95 98 99
41 44 46 56 59
43 46 47 57 60
45 48 48 58 61
47 50 49 59 62
49 52 50 60 63
51 54 51 61 64
53 56 52 62 65
55 58 53 63 66
57 60 54 64 67
59 62 55 65 68
61 64 56 66 69
63 66 57 67 70
65 68 58 68 71
67 70 59 69 72
69 72 60 70 73
71 74 61 71 74
73 76 62 72 75
75 78 63 73 76
77 80 64 74 77
79 82 65 75 78
81 84 66 76 79
83 86 67 77 80
85 88 68 78 81
87 90 69 79 82
89 92 70 80 83
91 94 71 81 84
93 96 72 82 85
95 98 73 83 86
72 67 71 66 45
73 67 71 67 48
74 67 71 68 51
75 67 71 69 54
76 67 71 70 57
77 67 71 71 60
78 67 71 72 63
79 67 71 73 66
80 67 71 74 69
81 67 71 75 72
82 67 71 76 75
83 67 71 77 78
84 67 71 78 81
85 67 71 79 84
86 67 71 80 87
87 67 71 81 90
88 67 71 82 93
89 67 71 83 96
90 67 71 84 99
45 55 65 56 45
48 57 68 57 47
51 59 71 58 49
54 61 74 59 51
57 63 77 60 53
60 65 80 61 55
63 67 83 62 57
66 69 86 63 59
69 71 89 64 61
72 73 92 65 63
75 75 95 66 65
78 77 98 67 67
37 43 52 48 57
39 44 53 48 59
41 45 54 48 61
43 46 55 48 63
45 47 56 48 65
47 48 57 48 67
49 49 58 48 69
51 50 59 48 71
53 51 60 48 73
55 52 61 48 75
57 53 62 48 77
59 54 63 48 79
61 55 64 48 81
63 56 65 48 83
65 57 66 48 85
67 58 67 48 87
69 59 68 48 89
71 60 69 48 91
73 61 70 48 93
75 62 71 48 95
77 63 72 48 97
79 64 73 48 99
81 71 78 56 66
82 72 79 57 67
83 73 80 58 68
84 74 81 59 69
85 75 82 60 70
86 76 83 61 71
87 77 84 62 72
88 78 85 63 73
89 79 86 64 74
90 80 87 65 75
91 81 88 66 76
92 82 89 67 77
93 83 90 68 78
94 84 91 69 79
95 85 92 70 80
96 86 93 71 81
97 87 94 72 82
98 88 95 73 83
99 89 96 74 84
33 47 51 36 39
35 48 52 39 41
37 49 53 42 43
39 50 54 45 45
41 51 55 48 47
43 52 56 51 49
45 53 57 54 51
47 54 58 57 53
49 55 59 60 55
51 56 60 63 57
53 57 61 66 59
55 58 62 69 61
57 59 63 72 63
59 60 64 75 65
61 61 65 78 67
63 62 66 81 69
65 63 67 84 71
67 64 68 87 73
69 65 69 90 75
71 66 70 93 77
73 67 71 96 79
75 68 72 99 81
43 44 55 37 36
44 34 45 47 55
47 36 47 49 56
50 38 49 51 57
53 40 51 53 58
56 42 53 55 59
59 44 55 57 60
62 46 57 59 61
65 48 59 61 62
68 50 61 63 63
71 52 63 65 64
74 54 65 67 65
77 56 67 69 66
80 58 69 71 67
83 60 71 73 68
86 62 73 75 69
89 64 75 77 70
92 66 77 79 71
95 68 79 81 72
98 70 81 83 73
45 56 45 67 71
46 58 47 69 72
47 60 49 71 73
48 62 51 73 74
49 64 53 75 75
50 66 55 77 76
51 68 57 79 77
52 70 59 81 78
53 72 61 83 79
54 74 63 85 80
55 76 65 87 81
56 78 67 89 82
57 80 69 91 83
58 82 71 93 84
59 84 73 95 85
60 86 75 97 86
61 88 77 99 87
29 41 39 38 26
33 43 40 39 29
37 45 41 40 32
41 47 42 41 35
45 49 43 42 38
49 51 44 43 41
53 53 45 44 44
57 55 46 45 47
61 57 47 46 50
65 59 48 47 53
69 61 49 48 56
73 63 50 49 59
77 65 51 50 62
81 67 52 51 65
85 69 53 52 68
89 71 54 53 71
93 73 55 54 74
97 75 56 55 77
33 45 43 34 56
35 47 44 36 57
37 49 45 38 58
39 51 46 40 59
41 53 47 42 60
43 55 48 44 61
45 57 49 46 62
47 59 50 48 63
49 61 51 50 64
51 63 52 52 65
53 65 53 54 66
55 67 54 56 67
57 69 55 58 68
59 71 56 60 69
61 73 57 62 70
63 75 58 64 71
65 77 59 66 72
67 79 60 68 73
69 81 61 70 74
71 83 62 72 75
73 85 63 74 76
75 87 64 76 77
77 89 65 78 78
79 91 66 80 79
81 93 67 82 80
83 95 68 84 81
85 97 69 86 82
87 99 70 88 83
81 67 70 56 61
82 69 72 58 63
83 71 74 60 65
84 73 76 62 67
85 75 78 64 69
86 77 80 66 71
87 79 82 68 73
88 81 84 70 75
89 83 86 72 77
90 85 88 74 79
91 87 90 76 81
92 89 92 78 83
93 91 94 80 85
94 93 96 82 87
95 95 98 84 89
78 67 56 66 78
79 69 58 69 81
80 71 60 72 84
81 73 62 75 87




