436508
751120
432517
861123
425130
983256
430621
421503
752044
123605
345221
675801
436508
436509
436510
436511
436512
436513
436514
436515
436516
436517
436518
436519
436520
436521
436522
436523
436524
436525
436526
436527
436528
436529
436530
436531
436532
436533
436534
436535
436536
436537
436538
436539
436540
436541
436542
436543
436544
436545
436546
436547
436548
436549
436550
436551
436552
436553
436554
436555
436556
436557
436558
436559
436560
436561
436562
436563
436564
436565
436566
436567
436568
436569
436570
436571
436572
436573
436574
436575
436576
436577
436578
436579
436580
436581
436582
436583
436584
436585
436586
436587
436588
436589
436590
436591
436592
436593
436594
436595
436596
436597
436598
436599
436600
436601
436602
436603
436604
436605
436606
436607
436608
436609
436610
436611
436612
436613
436614
436615
436616
436617
436618
436619
436620
436621
436622
436623
436624
436625
436626
436627
436628
436629
436630
436631
436632
436633
436634
436635
436636
436637
436638
436639
436640
436641
436642
436643
436644
436645
436646
436647
436648
436649
436650
436651
436652
436653
436654
436655
436656
436657
436658
436659
436660
436661
436662
436663
436664
436665
436666
436667
436668
436669
436670
436671
436672
436673
436674
436675
436676
436677
436678
436679
436680
436681
436682
436683
436684
436685
436686
436687
436688
436689
436690
436691
436692
436693
436694
436695
436696
436697
436698
436699
436700
436701
436702
436703
436704
436705
436706
436707
436708
436709
436710
436711
436712
436713
436714
436715
436716
436717
436718
436719
436720
436721
436722
436723
436724
436725
436726
436727
436728
436729
436730
436731
436732
436733
436734
436735
436736
436737
436738
436739
436740
436741
436742
436743
436744
436745
436746
436747
436748
436749
436750
436751
436752
436753
436754
436755
436756
436757
436758
436759
436760
436761
436762
436763
436764
436765
436766
436767
436768
436769
436770
436771
436772
436773
436774
436775
436776
436777
436778
436779
436780
436781
436782
436783
436784
436785
436786
436787
436788
436789
436790
436791
436792
436793
436794
436795
436796
436797
436798
436799
436800
436801
436802
436803
436804
436805
436806
436807
436808
436809
436810
436811
436812
436813
436814
436815
436816
436817
436818
436819
436820
436821
436822
436823
436824
436825
436826
436827
436828
436829
436830
436831
436832
436833
436834
436835
436836
436837
436838
436839
436840
436841
436842
436843
436844
436845
436846
436847
436848
436849
436850
436851
436852
436853
436854
436855
436856
436857
436858
436859
436860
436861
436862
436863
436864
436865
436866
436867
436868
436869
436870
436871
436872
436873
436874
436875
436876
436877
436878
436879
436880
436881
436882
436883
436884
436885
436886
436887
436888
436889
436890
436891
436892
436893
436894
436895
436896
436897
436898
436899
436900
436901
436902
436903
436904
436905
436906
436907
436908
436909
436910
436911
436912
436913
436914
436915
436916
436917
436918
436919
436920
436921
436922
436923
436924
436925
436926
436927
436928
436929
436930
436931
436932
436933
436934
436935
436936
436937
436938
436939
436940
436941
436942
436943
436944
436945
436946
436947
436948
436949
436950
436951
436952
436953
436954
436955
436956
436957
436958
436959
436960
436961
436962
436963
436964
436965
436966
436967
436968
436969
436970
436971
436972
436973
436974
436975
436976
436977
436978
436979
436980
436981
436982
436983
436984
436985
436986
436987
436988
436989
436990
436991
436992
436993
436994
436995